
             o  ,    o  ,                               BREVARD, NORTH CAROLINA                        Astronomical Applications Dept.
Location: W082 44, N35 14                          Rise and Set for the Sun for 2016                   U. S. Naval Observatory        
                                                                                                       Washington, DC  20392-5420     
                                                         Eastern Standard Time                                                        
                                                                                                                                      
                                                                                                                                      
       Jan.       Feb.       Mar.       Apr.       May        June       July       Aug.       Sept.      Oct.       Nov.       Dec.  
Day Rise  Set  Rise  Set  Rise  Set  Rise  Set  Rise  Set  Rise  Set  Rise  Set  Rise  Set  Rise  Set  Rise  Set  Rise  Set  Rise  Set
     h m  h m   h m  h m   h m  h m   h m  h m   h m  h m   h m  h m   h m  h m   h m  h m   h m  h m   h m  h m   h m  h m   h m  h m
01  0739 1729  0731 1759  0700 1827  0617 1853  0539 1917  0517 1941  0520 1949  0540 1934  0604 1857  0626 1814  0653 1736  0722 1719
02  0740 1730  0730 1800  0659 1828  0616 1854  0538 1918  0517 1941  0521 1949  0541 1933  0605 1856  0627 1813  0654 1735  0722 1719
03  0740 1731  0729 1801  0657 1829  0614 1854  0537 1919  0517 1942  0521 1949  0542 1932  0605 1854  0628 1811  0655 1734  0723 1719
04  0740 1732  0728 1802  0656 1830  0613 1855  0536 1920  0517 1942  0522 1949  0543 1931  0606 1853  0629 1810  0656 1733  0724 1719
05  0740 1733  0727 1803  0655 1830  0611 1856  0535 1921  0516 1943  0522 1949  0543 1930  0607 1851  0629 1808  0657 1732  0725 1719
06  0740 1733  0726 1804  0653 1831  0610 1857  0534 1921  0516 1943  0523 1949  0544 1929  0608 1850  0630 1807  0658 1731  0726 1719
07  0740 1734  0726 1805  0652 1832  0609 1858  0533 1922  0516 1944  0523 1948  0545 1928  0608 1849  0631 1806  0659 1730  0727 1719
08  0740 1735  0725 1806  0651 1833  0607 1858  0532 1923  0516 1944  0524 1948  0546 1927  0609 1847  0632 1804  0700 1730  0727 1719
09  0740 1736  0724 1807  0649 1834  0606 1859  0531 1924  0516 1945  0524 1948  0546 1926  0610 1846  0633 1803  0701 1729  0728 1719
10  0740 1737  0723 1808  0648 1835  0605 1900  0531 1925  0516 1945  0525 1948  0547 1925  0610 1844  0633 1802  0701 1728  0729 1719
11  0740 1738  0722 1809  0647 1836  0603 1901  0530 1925  0516 1946  0526 1947  0548 1924  0611 1843  0634 1800  0702 1727  0730 1719
12  0740 1739  0721 1810  0645 1837  0602 1902  0529 1926  0516 1946  0526 1947  0549 1922  0612 1841  0635 1759  0703 1727  0730 1719
13  0740 1740  0720 1811  0644 1837  0601 1903  0528 1927  0516 1947  0527 1946  0550 1921  0613 1840  0636 1758  0704 1726  0731 1720
14  0739 1741  0719 1812  0642 1838  0559 1903  0527 1928  0516 1947  0527 1946  0550 1920  0613 1839  0637 1756  0705 1725  0732 1720
15  0739 1742  0718 1813  0641 1839  0558 1904  0527 1929  0516 1947  0528 1946  0551 1919  0614 1837  0638 1755  0706 1725  0732 1720
16  0739 1743  0717 1814  0640 1840  0557 1905  0526 1929  0516 1948  0529 1945  0552 1918  0615 1836  0638 1754  0707 1724  0733 1721
17  0739 1744  0716 1815  0638 1841  0556 1906  0525 1930  0516 1948  0529 1945  0553 1917  0616 1834  0639 1753  0708 1723  0734 1721
18  0738 1745  0714 1816  0637 1842  0554 1907  0524 1931  0516 1948  0530 1944  0553 1915  0616 1833  0640 1751  0709 1723  0734 1721
19  0738 1746  0713 1817  0635 1842  0553 1907  0524 1932  0516 1948  0531 1943  0554 1914  0617 1831  0641 1750  0710 1722  0735 1722
20  0738 1747  0712 1818  0634 1843  0552 1908  0523 1932  0517 1949  0532 1943  0555 1913  0618 1830  0642 1749  0711 1722  0735 1722
21  0737 1748  0711 1819  0633 1844  0551 1909  0522 1933  0517 1949  0532 1942  0556 1912  0619 1828  0643 1748  0712 1721  0736 1723
22  0737 1749  0710 1820  0631 1845  0549 1910  0522 1934  0517 1949  0533 1942  0556 1910  0619 1827  0644 1747  0713 1721  0736 1723
23  0736 1750  0709 1821  0630 1846  0548 1911  0521 1935  0517 1949  0534 1941  0557 1909  0620 1826  0645 1745  0714 1721  0737 1724
24  0736 1751  0707 1821  0628 1846  0547 1911  0521 1935  0518 1949  0534 1940  0558 1908  0621 1824  0645 1744  0715 1720  0737 1724
25  0735 1752  0706 1822  0627 1847  0546 1912  0520 1936  0518 1949  0535 1939  0559 1907  0622 1823  0646 1743  0716 1720  0738 1725
26  0735 1753  0705 1823  0625 1848  0545 1913  0520 1937  0518 1950  0536 1939  0559 1905  0622 1821  0647 1742  0717 1720  0738 1726
27  0734 1754  0704 1824  0624 1849  0544 1914  0519 1937  0519 1950  0537 1938  0600 1904  0623 1820  0648 1741  0718 1719  0738 1726
28  0733 1755  0702 1825  0623 1850  0542 1915  0519 1938  0519 1950  0537 1937  0601 1903  0624 1818  0649 1740  0719 1719  0739 1727
29  0733 1756  0701 1826  0621 1850  0541 1916  0519 1939  0519 1950  0538 1936  0602 1901  0625 1817  0650 1739  0720 1719  0739 1728
30  0732 1757             0620 1851  0540 1916  0518 1939  0520 1950  0539 1935  0602 1900  0625 1815  0651 1738  0721 1719  0739 1728
31  0731 1758             0618 1852             0518 1940             0540 1935  0603 1858             0652 1737             0739 1729

                                             Add one hour for daylight time, if and when in use.

